% Thrust data
% DJI E310 Propulsion system
% Sasi 6/11/2016

% Test 1
pulse=[1200
1220
1240
1260
1280
1300
1320
1340
1360
1380
1400
1420
1440
1460
1480
1500
1520
1540
1560
1580
1600
1620
1640
1660
1680
1700
1720
1740
1760
1780
1800
1820
1840
1860
1880
1900
];

volt=[12.27
12.27
12.27
12.26
12.23
12.22
12.21
12.2
12.18
12.15
12.12
12.08
12.06
12.01
11.96
11.94
11.88
11.82
11.76
11.71
11.65
11.57
11.49
11.41
11.34
11.28
11.26
11.15
11.07
11
11.83
11.66
11.54
11.41
11.21
11.12];

f=[0.05
0.07
0.12
0.19
0.25
0.36
0.46
0.61
0.72
0.87
1.03
1.20
1.43
1.60
1.81
2.06
2.29
2.44
2.64
2.87
3.10
3.29
3.55
3.72
3.97
4.24
4.48
4.68
4.84
5.06
6.00
6.16
6.23
6.48
7.27
7.75]; 

rpm=[749
967
1198
1430
1673
1909
2141
2394
2601
2824
3070
3279
3504
3713
3934
4155
4354
4496
4707
4894
5096
5219
5403
5568
5757
5904
6064
6194
6322
6480
7025
7122
7189
7282
7760
7960];


save thrust_data1.mat

